1981.1019
1816.9286
2027.9956
2529.2138
2503.3191
2414.1644
2342.4726
2137.8824
1782.7091
1286.8011
1260.5944
1188.7629
1192.7385
1268.1595
1163.9279
975.4700
809.4856
875.1976
1255.7809
1948.7756
1730.6776
1852.2283
1888.4191
1895.8076
1933.8262
2402.4636
4160.6825
5669.8365
4388.0214
3097.8402
2861.4167
2834.0393
3106.0460
3802.5931
4876.5903
6587.2912
8675.0762
8992.0589
6476.0984
5391.6407
4539.1302
3349.3529
2969.6566
3135.4604
3391.4786
4027.9812
6689.7156
9938.8535
10648.1282
10344.3828
7676.4145
6004.9722
5345.0672
4429.9785
3727.1846
2905.2999
1830.1654
1687.3117
1696.5853
1694.3305
2000.6716
2953.8449
2880.4608
2808.4530
3028.1035
3124.4330
3403.3642
4468.9663
4928.9258
3708.7361
3060.4257
2496.2223
2668.9133
3054.6922
3057.8133
3691.3470
5019.9696
5401.5303
5171.0414
6124.8263
4815.9216
3408.4117
3208.5446
3304.5373
3539.9998
4128.7837
6203.2620
5338.3279
5419.3424
7825.0464
8219.7172
8383.2333
8569.2885
8787.5054
9679.9770
12961.5444
13881.6437
7625.5245
4845.9683
3315.3964
3065.2100
3558.4774
3929.7995
4667.2976
5323.9081
4846.9910
4205.7733
4262.9511
5120.9238
5713.6707
6986.1464
9238.7171
11681.9095
15569.2224
21816.3970
17642.9867
11840.6735
9986.0349
8632.0842
7518.7178
7772.5877
7756.6776
7535.8480
8414.3560
9195.6097
7332.4445
5332.8902
3814.0723
3641.0279
4084.1322
4774.1823
5108.2003
5102.8037
4982.7355
4981.7213
5122.4353
5310.6588
5105.7525
3554.1486
6695.9585
7553.9722
7587.2639
7604.2788
7674.0037
7699.5446
7628.6253
7016.6944
5761.9732
5388.3225
6217.1480
9046.4026
10034.5429
9301.0860
7807.7682
4509.9543
3671.0872
3638.5557
3642.1656
4141.0020
6249.3837
9876.3781
10721.8532
10720.6625
12014.1005
12341.2066
11641.8209
7905.8885
4892.1680
3651.2133
2965.3115
3234.0203
4704.1002
5555.4444
3216.5695
2904.3432
3020.4069
3365.2552
4420.1381
6644.5101
9446.4453
5977.0117
4370.0411
3871.1555
3512.5488
3551.9224
3800.2111
3669.3293
3757.7490
4212.5869
4717.5136
4651.6168
3366.7668
2511.8576
2454.0024
2645.9020
3090.8174
4265.4892
5450.9828
6359.7963
7701.5575
9141.1144
10310.6525
10704.7850
9598.2889
8809.3997
7237.0434
6342.6247
6574.9582
5976.2847
5039.4534
4087.2330
3376.9685
3092.6861
3327.2779
3509.5918
3449.5143
3435.5877
2976.8850
2370.7370
2455.6369
2393.3748
2421.0477
2606.9100
2791.6019
3055.7560
4096.3136
6124.0712
5984.1126
3536.5747
2562.9652
2268.2304
2586.8844
4222.2672
5429.6099
4126.4878
3122.3098
2414.8420
1812.5341
1569.4531
1819.1505
2490.6367
2801.9637
2924.7426
2789.2240
2638.7065
2813.9317
4202.8163
6610.5410
6153.2637
4691.2003
3976.4262
3832.2046
3902.5947
4692.3788
7253.3195
8116.7382
4341.4934
2588.6995
2527.1439
2539.7688
2552.0201
2611.7522
2966.5148
4475.1022
6699.2273
6104.3202
4894.7145
3552.7399
3270.4206
3406.9908
3666.5857
4953.0379
8543.2211
12634.5648
10676.6684
7943.3733
6484.5097
6204.2929
7071.2518
8196.0814
8582.7263
7788.6915
7162.6121
6034.8340
5095.0376
4934.7946
5245.5096
4738.6772
3545.8564
2757.7315
2907.8341
3379.0794
3893.9575
4569.1362
5097.2676
6209.7181
7033.9193
4904.2140
3834.7264
3051.2094
2489.2978
2452.2116
3324.7768
4989.4792
6560.7069
6495.1877
5168.3022
4450.6040
5127.4622
7252.5104
9438.2759
8000.5182
5069.7752
3896.8775
3512.7008
3512.2737
3658.3800
4524.4355
6220.3390
5922.4950
4301.1174
3783.5079
3906.3444
4878.0768
5311.3244
4976.8297
4080.9822
3387.2319
3064.3599
3804.2689
4593.1004
5450.3135
6504.9582
6285.1846
3600.2086
2817.4596
2541.7772
2545.3666
2715.8606
3084.6938
3632.9741
4628.2317
7285.8836
9598.2193
6733.2584
4858.9054
3955.7966
3557.7379
3295.1243
3149.1777
3053.4231
3245.7332
3407.0932
3402.0334
3556.1528
3811.3741
3560.0093
3574.7410
3231.7119
2617.6662
2387.2677
2319.9129
2273.0519
2720.5632
3947.3775
6253.0842
9524.5971
10086.5823
7721.7391
5647.7536
3361.4071
2610.7378
2419.4337
2280.9045
2088.3273
2141.3406
2368.4987
2894.9503
3275.8746
3363.7603
3272.1744
2962.7569
2479.3261
2179.0633
2249.3546
2737.2046
3911.3547
5418.8661
5491.3014
3805.9446
2529.3329
2179.3795
2007.7768
2030.4556
2073.2999
2165.5185
2661.1224
4627.8293
7214.9310
3578.3018