65.3531
65.6804
65.8639
66.5423
68.3233
70.0650
70.3176
68.9933
66.9752
65.8355
66.6564
68.3772
69.3186
69.1596
68.4382
67.5139
66.3396
64.9417
64.0974
64.3431
65.0738
65.9119
66.8219
67.5440
68.1574
68.7529
69.1795
69.4565
69.3360
68.4639
67.1993
66.1509
65.5323
65.4179
65.9695
67.1695
68.3488
68.5950
67.7312
66.3246
65.2970
65.3613
66.3118
67.3095
68.0469
68.7866
69.5145
70.0079
70.2958
70.4347
70.6435
71.2289
71.8654
71.8908
71.0998
69.8041
68.7013
68.4699
69.1856
70.2741
70.9801
70.8548
70.1541
69.6862
69.9814
70.7598
71.2359
70.9457
70.1654
69.6736
70.2816
72.0144
73.8377
74.7371
74.6594
73.9980
73.3114
73.3492
74.1088
74.5486
73.9314
72.5954
71.2326
70.2595
70.0917
71.0037
72.8651
75.0953
76.5933
76.6179
75.5515
74.2769
73.3881
72.8205
71.6075
68.9720
65.3889
61.9591
59.6378
58.8547
59.2332
60.4875
62.9058
66.0989
68.5216
68.9188
67.6333
66.2785
66.0712
66.7944
67.2893
67.0060
66.6460
66.5762
66.7859
67.4397
68.0945
68.4636
68.6436
68.3949
67.6264
66.4468
64.9204
63.4863
62.7627
62.7834
63.3332
64.2807
65.2187
65.9385
66.3540
66.0701
65.1651
64.6310
65.3162
67.0105
68.9259
70.0614
69.5155
67.5123
65.4673
64.6734
65.2115
66.3554
67.5979
68.7044
69.2235
68.8125
67.7493
66.6394
66.0280
66.2620
67.0632
67.7579
67.9983
67.7239
66.9825
66.1968
65.8064
65.6659
65.4355
65.2575
65.6784
66.8942
68.4419
69.5478
69.4579
68.1510
66.7300
66.3661
67.1896
68.5246
69.6609
70.2607
70.2507
69.6393
68.7048
68.0832
68.3526
69.5417
71.0636
72.1956
72.8157
73.4103
74.3368
75.5209
76.4690
76.2956
74.5603
72.0447
69.9898
68.9604
68.5056
67.6470
66.1197
64.8530
64.7446
65.6894
66.9605
67.9885
68.8194
69.8492
71.1392
72.1837
72.2487
71.0986
69.3110
67.6256
66.2355
64.9992
63.9210
63.0781
62.4312
61.7305
60.7757
59.9732
60.3123
62.5304
66.2542
69.9582
72.1374
72.4439
71.6165
70.6257
69.9858
69.4504
68.6947
67.8627
67.0914
66.4713
66.4104
67.1683
68.3293
69.2849
69.7263
69.4460
68.6112
67.8157
67.1870
66.4426
65.7671
65.6601
66.2552
67.0256
67.0042
65.7450
63.9690
62.7394
62.6264
63.8034
65.8127
67.6847
68.8184
68.6499
66.8789
64.6889
63.2982
62.6285
62.3746
62.2956
62.3935
63.1932
64.4406
64.7615
63.3481
60.6672
58.1013
57.2759
58.3650
59.9511
61.1471
61.5302
60.3463
58.4378
57.4748
57.7311
59.8737
64.2636
68.8311
71.4709
70.8874
67.2471
63.3681
61.1591
60.6776
62.1845
64.7335
66.3144
66.4009
65.3014
63.0058
60.3996
58.7974
58.3533
58.6088
59.5106
61.1714
63.2421
65.1176
66.3627
66.4708
65.2395
63.0950
60.9276
59.8656
60.0258
60.5177
60.9354
61.2490
61.4148
61.5046
61.2422
60.3573
59.4185
59.7530
61.9945
64.7706
66.2275
65.9892
64.7312
63.3130
62.1700
60.9763
59.8054
59.3366
59.5501
59.9011
59.9226
59.5364
59.3781
59.8798
61.0375
62.9442
64.7726
65.2146
64.1470
62.6548
62.4612
64.1109
66.2792
67.7453
67.2948
64.4788
60.6918
56.8829
53.6487
51.8974
51.8164
53.4566
56.5814
60.1556
63.5550
66.8502
69.6002
71.1146
71.3572
71.0156
70.9349
70.9523
69.9692
68.3214
67.6616
68.1323
68.7263
68.9971
69.0120
68.9345
68.7425
68.2659
67.4963
66.6244
66.1300
66.8003
68.7649
71.0979
72.6897
72.9544
72.3430
71.8492
71.5680
70.6227
68.6450
66.5199
65.5902
66.5261
68.7237
70.7291
71.3881
70.7959
70.1926
70.4528
70.8762
70.2301
68.4474
66.2798
64.3457
63.2215
63.3603
64.6352
66.2182