104.3188
95.3955
86.2622
83.5919
91.0293
163.0349
201.9466
208.2663
211.5305
216.0727
220.6141
225.2504
230.3354
235.6950
239.2492
240.0742
239.8153
238.2302
243.3136
251.5898
259.8789
277.0168
295.2598
314.4781
319.3030
288.6177
253.7750
204.4906
331.5479
524.3115
490.1921
453.8294
360.7174
267.4559
211.9123
158.9230
159.9053
193.8606
233.5897
327.5022
371.4220
321.8382
273.9354
263.2071
285.7325
361.0624
440.7020
502.2405
464.3917
345.5199
298.2242
370.6024
441.7523
423.3801
336.8995
289.3888
280.5106
225.6455
153.2031
128.5200
155.2120
213.5647
236.7407
193.2470
143.3446
134.7253
154.6715
175.3996
184.4767
186.4446
187.2670
188.0301
188.5205
188.7970
189.1237
189.5490
190.0880
190.8136
191.7319
192.8450
195.1419
199.3571
202.3222
273.0319
506.7096
708.9897
791.5295
565.9462
341.8888
326.3605
339.3215
352.8911
411.1733
437.2698
395.2786
314.5382
292.0820
297.6309
397.0499
522.1182
489.9075
368.7009
270.3131
230.2474
210.5112
179.9154
184.9648
262.6758
331.5097
304.5331
256.6655
279.4430
312.1751
294.3242
265.2217
257.4573
259.7508
257.9289
249.2546
260.0793
306.2440
339.2706
383.3828
698.2086
1004.5801
749.3435
413.9151
345.7330
339.4515
308.3684
342.8585
575.3707
711.8979
498.1474
288.8854
261.0685
298.9295
313.9070
277.2643
281.2740
317.3457
262.4267
183.5660
171.0934
195.0980
198.0596
173.0629
146.1234
140.3523
154.6757
183.3858
271.9728
391.3117
414.6269
355.4530
308.4499
255.0101
193.9130
183.3200
228.6057
293.9922
316.4461
279.1795
282.0199
310.0423
257.4665
167.0205
125.9113
137.6767
180.5201
229.6603
255.7923
262.4180
264.8824
267.9267
272.3473
277.3351
279.7762
269.4414
277.5569
367.7883
474.1401
476.1586
394.9603
371.4343
464.2410
523.9642
451.8962
348.0092
304.0148
300.0521
302.0450
306.9723
334.3899
374.4400
313.2621
209.8223
175.6620
175.6421
173.3895
169.3037
175.0618
191.7163
201.1300
196.8540
186.4917
173.5016
157.8960
155.5061
156.2390
146.5074
142.1225
149.3598
161.1358
213.0334
330.6494
450.4591
517.4054
534.5059
542.3869
584.1838
620.2777
636.3201
667.1033
666.6516
602.0780
554.6740
579.0109
643.5452
678.5695
632.6037
497.1081
329.0651
222.3748
196.9466
197.7330
235.8028
403.5677
644.2080
721.0519
562.1832
340.9972
224.3007
204.9332
200.6939
178.8482
150.2865
143.2409
155.3826
157.7617
150.5310
148.3178
155.5264
163.1500
173.7108
212.4462
264.2253
275.2313
241.1169
197.3459
158.3263
137.3630
128.4622
130.4359
164.9918
259.8051
372.0738
421.9943
440.9667
476.3506
483.3840
471.0438
507.4394
550.7365
545.2698
556.2243
576.6207
551.3657
543.2712
554.9348
522.1829
514.9051
496.8629
377.7264
237.8029
181.8328
179.4908
178.3349
228.4757
396.1132
568.5640
641.9926
637.4618
589.1338
545.6818
446.1817
268.3004
185.0634
192.7184
182.5015
186.5693
201.7217
212.6830
215.5793
215.6566
215.5242
215.3027
213.1481
207.9476
231.0617
337.9418
472.2980
498.2311
402.8322
308.3306
259.7584
266.5708
308.9824
351.6747
353.2908
292.9579
234.6626
239.0483
284.0200
329.4721
350.6978
354.2516
353.6090
352.1184
350.0093
347.2737
343.8323
338.1843
317.5959
269.2448
221.4859
205.0904
200.4449
202.9094
228.2232
269.4039
290.7341
286.9829
273.2519
259.7818
249.7675
259.7470
315.6730
415.4642
477.1118
441.4306
402.4393
388.1916
342.8772
253.8530
181.7678
160.5123
168.4067
185.5412
189.1967
171.9284
157.5839
153.7692
152.8110
152.4764
151.8540
148.6261
149.2790
172.3010
234.2663
323.6883
375.9814
344.7457
273.2982
226.4098
217.1621
235.2138
279.5692
332.4503
345.0498
303.5095
243.7286
203.8794
215.5208
267.7531
300.3367
280.1705
234.3356
205.6653
208.1760
234.9835
272.8441
300.7165
305.5119
309.9348
320.7549
316.0540
294.0564
285.4513
303.3818