18.7939
19.0091
19.0499
19.6077
20.4966
22.5236
25.1381
28.4628
31.5650
34.5597
35.8921
34.8020
32.2674
29.5981
28.3415
29.5286
32.6749
36.0361
39.3690
42.2123
43.0152
41.3406
38.5638
36.4612
35.6397
35.5212
35.2827
35.0282
35.3218
36.2487
35.8672
33.3353
30.4733
30.1521
32.9375
35.8327
38.2526
41.6399
44.6552
43.2613
37.7480
30.3736
24.0492
20.6160
20.1590
22.1400
27.3460
35.3292
44.8276
53.9151
58.3454
56.9770
49.1145
38.9553
29.6043
26.7200
29.2953
32.3038
35.0836
37.4040
39.7828
41.8301
42.7990
40.9792
39.0701
40.2563
42.1003
39.8357
33.8483
26.5333
19.9001
15.9604
15.8402
17.8125
21.0278
24.7941
28.2279
30.0641
30.0927
29.7024
30.0569
31.5213
33.7981
36.2856
38.5320
40.2568
39.8872
36.6158
33.4614
32.8169
33.6419
33.0133
30.9304
28.4189
26.4536
25.4376
25.2654
25.2004
24.3541
22.8784
22.0383
22.9711
24.4446
26.3441
25.1322
19.5197
17.3495
19.0863
22.7798
24.6707
23.5587
21.7543
20.0502
18.6200
17.6280
17.3263
18.5003
20.4033
21.2428
20.9623
20.6741
21.8563
25.4390
30.1210
32.8789
32.5460
29.8510
27.0993
25.3979
24.1558
22.7029
22.0094
25.4721
24.7747
22.1891
22.5895
24.7123
25.3610
24.6702
22.5015
19.9635
17.1489
15.5061
14.9844
17.2619
21.9960
27.0236
29.7983
29.1876
26.6826
24.2889
23.2445
24.5511
26.1102
23.6728
21.3135
20.0805
19.9968
20.3408
20.5395
21.0088
22.0258
22.8782
23.5559
24.2376
24.6207
23.5294
21.0865
19.6032
20.6627
21.9636
22.5922
24.5431
26.5962
26.2790
25.2964
23.8892
22.9245
22.9006
25.2369
29.5384
32.9919
33.1641
29.1558
24.2990
21.9913
20.9840
18.6161
14.9603
13.1869
14.7465
17.6453
21.0009
23.9071
25.2629
24.7081
23.6744
22.3544
21.5393
21.3407
21.6528
22.6837
24.1913
26.1066
27.4606
26.3707
23.7389
21.8953
21.2989
21.4413
21.7259
21.1547
20.4838
21.1000
22.4734
23.5464
24.3890
24.6599
24.8573
26.1798
27.7304
27.5538
25.8097
23.4585
21.6072
20.8032
20.7437
20.5977
19.6391
18.1995
17.4372
17.5718
18.1070
18.8383
19.7744
21.0660
22.6597
23.9732
24.9119
25.3839
24.8186
22.9567
20.5964
20.2103
23.2377
27.8348
29.7903
29.8410
29.4938
29.3884
28.9002
27.8460
27.2178
27.3430
26.1935
23.1957
21.5760
24.0308
28.5382
30.5493
28.4934
25.0958
22.7160
21.2179
21.8390
23.4195
24.5075
24.0064
22.0212
19.8750
18.7560
18.8448
20.4441
22.1617
23.1372
23.5918
23.6795
22.8277
20.6344
18.5194
17.6927
17.6673
18.3289
19.4922
19.7167
18.4081
16.7924
17.2881
20.2791
23.5066
24.4517
22.4895
20.1098
18.0026
16.3149
15.7555
15.8990
15.7623
15.9944
17.7263
20.4983
23.0035
23.7623
21.9639
18.3284
15.0551
13.5850
13.5429
14.0663
14.9875
16.6588
18.5967
19.8420
20.2867
20.1741
20.0193
20.7276
21.9400
22.9470
23.3843
23.0418
21.6483
20.2346
19.5021
19.1256
18.4954
17.8931
17.8726
17.7931
16.7670
15.9321
17.8106
20.1053
20.5174
21.4807
24.0226
24.5668
23.5394
22.3898
21.9771
22.0688
22.0776
21.9828
21.8733
21.8442
21.5993
20.8150
19.9239
19.3029
19.0643
18.9003
19.1394
20.3893
22.0992
22.6430
20.9830
18.1033
16.3158
17.4010
20.5875
23.1165
23.1229
21.2510
20.3177
20.5468
20.4639
20.0576
19.4702
18.3217
16.8924
15.9302
15.7756
17.0632
18.5807
19.0372
17.1889
14.5134
12.7792
12.2855
13.1436
15.2989
18.0364
19.9324
19.3215
18.5455
20.4441
23.4460
25.9634
27.0757
24.8381
20.6576
17.8364
18.1572
20.0606
20.9708
19.7737
18.3478
18.7295
19.8173
19.3631