1332.2086
1226.9619
1372.1523
1706.4217
1689.9686
1642.7725
1612.1241
1477.3709
1303.7645
912.8985
877.2685
838.0928
816.5632
853.0176
799.4778
684.2880
567.6058
622.5152
855.8489
1286.4512
1142.6330
1205.4093
1236.0218
1239.4138
1252.6899
1465.3747
2418.1836
3460.8641
2665.0598
1935.8721
1810.8441
1785.4541
1938.7750
2390.9350
3128.4686
4260.5055
5627.7145
6001.2211
4453.2891
3644.9074
3050.0762
2271.4010
2055.4240
2173.8752
2387.8271
2902.7328
4913.7715
7087.5984
7513.2445
7524.0195
5536.7809
4246.4230
3876.0500
3251.7633
2754.5959
2286.7199
1404.0909
1290.8902
1313.0547
1300.4595
1486.5434
2169.2236
2208.0742
2120.2457
2293.1814
2324.1037
2468.4109
3146.3014
3488.6527
2632.8396
2191.3369
1804.4545
1944.4607
2229.1559
2201.3031
2549.0535
3453.0227
3837.0535
3537.9559
4129.5668
3234.3348
2341.7650
2219.9270
2291.2436
2425.4465
2765.5066
4144.4250
3864.7629
3599.6059
5279.1758
5652.7105
5750.0059
5881.1367
6069.9801
6743.4930
9125.7289
9587.4813
5213.4656
3382.0902
2384.4531
2224.7604
2556.6182
2864.8396
3322.8133
3894.6609
3620.4953
3072.1383
3072.9523
3646.0980
4015.5777
4936.8754
6432.9473
7964.7898
10097.7664
13561.0297
11649.5945
7586.7289
6343.5699
5546.7211
4795.9781
4949.9211
5005.4168
5053.7266
5719.0605
6154.1477
4991.8746
3731.6711
2657.7076
2449.3057
2664.7885
3114.3244
3353.6742
3358.8148
3302.1312
3341.4988
3454.1160
3679.5238
3500.4133
2317.0561
4198.3848
4997.8957
5018.2043
5048.2406
5075.8680
5087.7695
5040.9422
4587.1820
3802.4141
3629.6449
4040.7832
5728.0820
6571.7016
6096.9113
5054.5051
2999.5775
2418.7008
2412.7719
2401.6230
2740.0678
4167.3906
6513.3211
6954.1398
6897.9844
7828.0703
7987.1156
7531.0211
5057.1879
3191.2832
2434.7904
2013.1148
2147.1846
3038.2285
3617.2492
2171.5328
2020.4773
2088.8371
2291.7068
2931.1719
4278.6535
6185.5387
3912.0000
2891.4943
2557.1455
2284.6105
2286.6738
2489.9916
2468.7258
2553.2852
2892.5158
3218.8084
3164.5465
2355.5533
1748.5721
1643.5430
1768.0588
2057.2287
2757.6447
3462.5766
3906.7160
4566.4129
5307.6914
5964.8922
6155.6504
5447.2090
4989.5016
4234.8340
3636.8051
3793.2363
3477.8648
2921.1520
2429.7934
2055.5725
1885.4553
2003.1258
2148.6873
2107.4227
2130.9490
1880.1357
1516.5978
1569.8893
1526.1491
1517.4912
1636.5338
1780.5338
1942.4922
2496.7553
3717.4965
3952.6656
2293.3377
1628.5286
1435.5072
1612.3930
2531.2332
3594.2246
2790.6355
2083.5865
1607.7158
1245.0739
1064.4122
1205.8727
1637.8010
1880.6221
1942.4563
1862.4717
1763.8682
1840.0641
2578.3066
4156.0652
3925.7805
2946.8441
2534.1031
2449.2467
2505.3414
2914.8031
4375.8285
5234.0559
2695.4164
1716.7924
1698.2066
1702.8686
1723.8221
1749.2607
1945.6666
2824.4506
4384.0895
4029.9238
3153.9865
2288.6682
2110.1490
2189.1328
2361.4234
3157.5885
5522.4449
7882.9820
6506.8594
4905.5488
4009.3621
3749.0434
4173.0918
4932.8332
5199.7133
4780.8309
4442.5855
3797.3633
3271.2908
3162.7393
3367.9180
3018.9721
2254.8838
1805.6422
1935.5955
2231.1500
2553.1623
2986.9645
3394.8594
4206.8223
4705.8203
3357.7215
2650.9543
2147.3639
1740.6721
1693.8164
2295.5494
3384.4480
4399.8309
4418.9285
3553.6770
3044.5824
3463.2500
4916.6156
6207.3754
5279.4164
3449.4594
2662.6074
2384.1332
2365.1994
2463.4828
3048.1740
4182.1953
3962.4473
2892.4953
2536.6094
2622.3820
3261.5270
3445.9211
3171.9859
2642.8340
2213.3428
1928.5223
2343.4496
2904.9523
3516.1242
4232.0820
4133.4605
2405.9289
1798.0773
1595.7709
1567.7158
1671.4752
1901.6141
2223.0195
2758.0596
4167.6953
5785.9070
4235.1000
2985.5924
2408.0818
2148.7590
1976.3455
1911.3703
1849.2852
1988.6592
2113.7357
2131.4510
2256.2406
2412.1217
2243.7043
2236.7949
1992.5633
1601.4720
1466.3373
1412.9024
1364.3392
1594.4551
2252.0244
3495.0426
5421.4527
6081.1469
4685.4324
3489.0957
2081.6846
1564.1190
1428.7155
1345.2800
1218.7699
1239.4624
1364.4825
1643.8682
1867.0516
1929.4617
1868.6668
1664.3430
1376.6067
1225.9712
1286.2644
1580.9203
2239.6621
3088.3584
3076.7207
2110.4180
1407.4419
1208.5068
1117.1865
1124.3802
1151.9488
1211.9271
1505.8714
2572.7615
4140.0883
2183.4291