0.7544
0.7456
0.7422
0.7375
0.7300
0.7233
0.7254
0.7344
0.7391
0.7379
0.7323
0.7253
0.7258
0.7317
0.7305
0.7258
0.7296
0.7404
0.7490
0.7523
0.7530
0.7534
0.7521
0.7504
0.7493
0.7483
0.7485
0.7495
0.7521
0.7575
0.7649
0.7697
0.7696
0.7609
0.7514
0.7464
0.7408
0.7378
0.7425
0.7543
0.7628
0.7594
0.7502
0.7443
0.7415
0.7398
0.7386
0.7387
0.7404
0.7441
0.7465
0.7415
0.7334
0.7337
0.7431
0.7527
0.7578
0.7571
0.7502
0.7407
0.7335
0.7341
0.7427
0.7485
0.7465
0.7401
0.7326
0.7324
0.7414
0.7462
0.7369
0.7185
0.6958
0.6831
0.6893
0.7027
0.7186
0.7282
0.7252
0.7218
0.7275
0.7385
0.7480
0.7534
0.7524
0.7437
0.7290
0.7128
0.7042
0.7081
0.7215
0.7380
0.7459
0.7429
0.7439
0.7537
0.7702
0.7870
0.7945
0.7879
0.7790
0.7755
0.7644
0.7473
0.7337
0.7303
0.7398
0.7566
0.7646
0.7600
0.7553
0.7533
0.7525
0.7527
0.7510
0.7454
0.7404
0.7400
0.7412
0.7443
0.7495
0.7546
0.7629
0.7758
0.7842
0.7824
0.7770
0.7744
0.7724
0.7666
0.7604
0.7585
0.7620
0.7679
0.7675
0.7567
0.7428
0.7359
0.7419
0.7604
0.7806
0.7885
0.7829
0.7681
0.7505
0.7399
0.7388
0.7467
0.7620
0.7787
0.7915
0.7913
0.7794
0.7676
0.7589
0.7575
0.7640
0.7728
0.7807
0.7840
0.7838
0.7834
0.7790
0.7674
0.7511
0.7392
0.7380
0.7484
0.7662
0.7732
0.7653
0.7565
0.7532
0.7532
0.7570
0.7627
0.7664
0.7692
0.7687
0.7603
0.7452
0.7335
0.7275
0.7237
0.7222
0.7187
0.7153
0.7184
0.7307
0.7501
0.7715
0.7828
0.7790
0.7750
0.7740
0.7765
0.7842
0.7847
0.7729
0.7596
0.7473
0.7353
0.7262
0.7206
0.7219
0.7318
0.7474
0.7607
0.7657
0.7657
0.7630
0.7604
0.7634
0.7706
0.7793
0.7860
0.7825
0.7654
0.7393
0.7145
0.7024
0.7049
0.7169
0.7315
0.7421
0.7492
0.7537
0.7563
0.7626
0.7721
0.7784
0.7790
0.7728
0.7634
0.7566
0.7538
0.7548
0.7563
0.7575
0.7603
0.7622
0.7599
0.7531
0.7455
0.7441
0.7524
0.7647
0.7744
0.7742
0.7608
0.7430
0.7275
0.7204
0.7290
0.7528
0.7898
0.8049
0.7797
0.7633
0.7638
0.7638
0.7608
0.7560
0.7584
0.7712
0.7910
0.8068
0.8069
0.7984
0.7912
0.7851
0.7818
0.7846
0.7876
0.7887
0.7880
0.7782
0.7570
0.7320
0.7168
0.7269
0.7617
0.7926
0.8036
0.7958
0.7703
0.7471
0.7395
0.7459
0.7633
0.7825
0.7962
0.7981
0.7897
0.7831
0.7779
0.7683
0.7568
0.7474
0.7433
0.7492
0.7644
0.7808
0.7934
0.7978
0.7937
0.7882
0.7837
0.7801
0.7766
0.7707
0.7677
0.7744
0.7837
0.7822
0.7682
0.7526
0.7476
0.7568
0.7718
0.7812
0.7858
0.7898
0.7918
0.7861
0.7778
0.7745
0.7754
0.7787
0.7784
0.7701
0.7596
0.7510
0.7459
0.7518
0.7643
0.7727
0.7714
0.7592
0.7477
0.7473
0.7569
0.7745
0.7961
0.8157
0.8300
0.8330
0.8299
0.8239
0.8074
0.7839
0.7599
0.7352
0.7191
0.7200
0.7372
0.7718
0.7824
0.7525
0.7433
0.7595
0.7666
0.7619
0.7610
0.7693
0.7735
0.7678
0.7609
0.7530
0.7517
0.7587
0.7606
0.7509
0.7356
0.7218
0.7132
0.7143
0.7257
0.7446
0.7555
0.7588
0.7675
0.7755
0.7799
0.7782
0.7587
0.7272
0.7155
0.7284
0.7413
0.7481
0.7496
0.7506
0.7591
0.7707
0.7816
0.7886
0.7846
0.7686
0.7505