0.1162
0.1032
0.1030
0.0987
0.0866
0.0852
0.0954
0.1080
0.1289
0.1486
0.1483
0.1212
0.1004
0.1057
0.1242
0.1293
0.1261
0.1290
0.1278
0.1159
0.1016
0.0950
0.0949
0.0913
0.0924
0.1012
0.1126
0.1236
0.1308
0.1250
0.1183
0.1141
0.1159
0.1088
0.0999
0.0978
0.1031
0.1040
0.1065
0.1206
0.1303
0.1191
0.0960
0.0866
0.1022
0.1202
0.1275
0.1274
0.1308
0.1383
0.1400
0.1329
0.1287
0.1323
0.1456
0.1558
0.1526
0.1389
0.1244
0.1129
0.1105
0.1213
0.1457
0.1616
0.1489
0.1206
0.1112
0.1287
0.1445
0.1422
0.1259
0.1168
0.1214
0.1407
0.1655
0.1711
0.1662
0.1570
0.1485
0.1383
0.1363
0.1436
0.1476
0.1424
0.1340
0.1207
0.1118
0.1177
0.1320
0.1530
0.1809
0.2083
0.2058
0.1728
0.1496
0.1560
0.1661
0.1496
0.1121
0.0771
0.0532
0.0434
0.0481
0.0616
0.0741
0.0878
0.1125
0.1311
0.1230
0.1076
0.1108
0.1321
0.1345
0.1204
0.1089
0.1098
0.1156
0.1142
0.1147
0.1130
0.1158
0.1163
0.1134
0.0995
0.0790
0.0766
0.0853
0.0921
0.0848
0.0832
0.0976
0.1085
0.1064
0.0927
0.0809
0.0786
0.0856
0.1047
0.1238
0.1333
0.1223
0.1043
0.0926
0.0897
0.0946
0.1057
0.1201
0.1256
0.1223
0.1120
0.1073
0.1123
0.1129
0.1038
0.1061
0.1299
0.1518
0.1462
0.1220
0.1065
0.1037
0.1042
0.0990
0.0879
0.0902
0.1139
0.1422
0.1553
0.1433
0.1179
0.0965
0.0892
0.0961
0.1043
0.1128
0.1231
0.1304
0.1253
0.1072
0.0954
0.1010
0.1138
0.1278
0.1479
0.1658
0.1687
0.1608
0.1634
0.1813
0.1918
0.1783
0.1534
0.1388
0.1409
0.1405
0.1200
0.0897
0.0710
0.0801
0.1060
0.1238
0.1209
0.1030
0.0939
0.1092
0.1366
0.1582
0.1571
0.1392
0.1209
0.1087
0.0988
0.0874
0.0817
0.0780
0.0647
0.0438
0.0376
0.0582
0.1013
0.1445
0.1599
0.1434
0.1198
0.1132
0.1192
0.1254
0.1240
0.1127
0.1016
0.0934
0.0914
0.0959
0.1106
0.1314
0.1451
0.1429
0.1273
0.1091
0.0927
0.0808
0.0760
0.0844
0.1020
0.1186
0.1256
0.1202
0.1074
0.0929
0.0866
0.0879
0.0979
0.1133
0.1207
0.1120
0.0885
0.0662
0.0566
0.0619
0.0677
0.0680
0.0645
0.0722
0.0914
0.0956
0.0751
0.0454
0.0291
0.0293
0.0398
0.0593
0.0747
0.0803
0.0758
0.0677
0.0536
0.0459
0.0682
0.1298
0.1924
0.2000
0.1439
0.0765
0.0442
0.0520
0.0780
0.1086
0.1254
0.1232
0.1056
0.0838
0.0624
0.0455
0.0406
0.0460
0.0579
0.0724
0.0871
0.1055
0.1174
0.1144
0.0942
0.0685
0.0526
0.0518
0.0617
0.0732
0.0753
0.0697
0.0660
0.0705
0.0941
0.1198
0.1087
0.1215
0.1536
0.1727
0.1685
0.1524
0.1482
0.1507
0.1434
0.1273
0.1209
0.1224
0.1315
0.1324
0.1300
0.1223
0.1196
0.1307
0.1521
0.1728
0.1822
0.1775
0.1615
0.1413
0.1302
0.1381
0.1589
0.1801
0.1927
0.1912
0.1776
0.1533
0.1193
0.0925
0.0833
0.0863
0.0858
0.0830
0.0955
0.1267
0.1560
0.1771
0.1803
0.1726
0.1604
0.1479
0.1447
0.1482
0.1686
0.1868
0.1881
0.1659
0.1388
0.1253
0.1307
0.1367
0.1288
0.1115
0.1049
0.1091
0.1083
0.1061
0.1191
0.1486
0.1634
0.1525
0.1386
0.1421
0.1582
0.1651
0.1441
0.1066
0.0868
0.0974
0.1321
0.1580
0.1598
0.1449
0.1313
0.1217
0.1262
0.1352
0.1478
0.1379
0.1070
0.0832
0.0795