4147.7336
4147.8860
4148.0384
4148.1908
4148.3432
4148.4956
4148.6480
4148.8004
4148.9528
4149.1052
4149.2576
4149.4100
4149.5624
4149.7148
4149.8672
4150.0196
4150.1720
4150.3244
4150.4768
4150.6292
4150.7816
4150.9340
4151.0864
4151.2388
4151.3912
4151.5436
4151.6960
4151.8484
4152.0008
4152.1532
4152.3056
4152.4580
4152.6104
4152.7628
4152.9152
4153.0676
4153.2200
4153.3724
4153.5248
4153.6772
4153.8296
4153.9820
4154.1344
4154.2868
4154.4392
4154.5916
4154.7440
4154.8964
4155.0488
4155.2012
4155.3536
4155.5060
4155.6584
4155.8108
4155.9632
4156.1156
4156.2680
4156.4204
4156.5728
4156.7252
4156.8776
4157.0300
4157.1824
4157.3348
4157.4872
4157.6396
4157.7920
4157.9444
4158.0968
4158.2492
4158.4016
4158.5540
4158.7064
4158.8588
4159.0112
4159.1636
4159.3160
4159.4684
4159.6208
4159.7732
4159.9256
4160.0780
4160.2304
4160.3828
4160.5352
4160.6876
4160.8400
4160.9924
4161.1448
4161.2972
4161.4496
4161.6020
4161.7544
4161.9068
4162.0592
4162.2116
4162.3640
4162.5164
4162.6688
4162.8212
4162.9736
4163.1260
4163.2784
4163.4308
4163.5832
4163.7356
4163.8880
4164.0404
4164.1928
4164.3452
4164.4976
4164.6500
4164.8024
4164.9548
4165.1072
4165.2596
4165.4120
4165.5644
4165.7168
4165.8692
4166.0216
4166.1740
4166.3264
4166.4788
4166.6312
4166.7836
4166.9360
4167.0884
4167.2408
4167.3932
4167.5456
4167.6980
4167.8504
4168.0028
4168.1552
4168.3076
4168.4600
4168.6124
4168.7648
4168.9172
4169.0696
4169.2220
4169.3744
4169.5268
4169.6792
4169.8316
4169.9840
4170.1364
4170.2888
4170.4412
4170.5936
4170.7460
4170.8984
4171.0508
4171.2032
4171.3556
4171.5080
4171.6604
4171.8128
4171.9652
4172.1176
4172.2700
4172.4224
4172.5748
4172.7272
4172.8796
4173.0320
4173.1844
4173.3368
4173.4892
4173.6416
4173.7940
4173.9464
4174.0988
4174.2512
4174.4036
4174.5560
4174.7084
4174.8608
4175.0132
4175.1656
4175.3180
4175.4704
4175.6228
4175.7752
4175.9276
4176.0800
4176.2324
4176.3848
4176.5372
4176.6896
4176.8420
4176.9944
4177.1468
4177.2992
4177.4516
4177.6040
4177.7564
4177.9088
4178.0612
4178.2136
4178.3660
4178.5184
4178.6708
4178.8232
4178.9756
4179.1280
4179.2804
4179.4328
4179.5852
4179.7376
4179.8900
4180.0424
4180.1948
4180.3472
4180.4996
4180.6520
4180.8044
4180.9568
4181.1092
4181.2616
4181.4140
4181.5664
4181.7188
4181.8712
4182.0236
4182.1760
4182.3284
4182.4808
4182.6332
4182.7856
4182.9380
4183.0904
4183.2428
4183.3952
4183.5476
4183.7000
4183.8524
4184.0048
4184.1572
4184.3096
4184.4620
4184.6144
4184.7668
4184.9192
4185.0716
4185.2240
4185.3764
4185.5288
4185.6812
4185.8336
4185.9860
4186.1384
4186.2908
4186.4432
4186.5956
4186.7480
4186.9004
4187.0528
4187.2052
4187.3576
4187.5100
4187.6624
4187.8148
4187.9672
4188.1196
4188.2720
4188.4244
4188.5768
4188.7292
4188.8816
4189.0340
4189.1864
4189.3388
4189.4912
4189.6436
4189.7960
4189.9484
4190.1008
4190.2532
4190.4056
4190.5580
4190.7104
4190.8628
4191.0152
4191.1676
4191.3200
4191.4724
4191.6248
4191.7772
4191.9296
4192.0820
4192.2344
4192.3868
4192.5392
4192.6916
4192.8440
4192.9964
4193.1488
4193.3012
4193.4536
4193.6060
4193.7584
4193.9108
4194.0632
4194.2156
4194.3680
4194.5204
4194.6728
4194.8252
4194.9776
4195.1300
4195.2824
4195.4348
4195.5872
4195.7396
4195.8920
4196.0444
4196.1968
4196.3492
4196.5016
4196.6540
4196.8064
4196.9588
4197.1112
4197.2636
4197.4160
4197.5684
4197.7208
4197.8732
4198.0256
4198.1780
4198.3304
4198.4828
4198.6352
4198.7876
4198.9400
4199.0924
4199.2448
4199.3972
4199.5496
4199.7020
4199.8544
4200.0068
4200.1592
4200.3116
4200.4640
4200.6164
4200.7688
4200.9212
4201.0736
4201.2260
4201.3784
4201.5308
4201.6832
4201.8356
4201.9880
4202.1404
4202.2928
4202.4452
4202.5976
4202.7500
4202.9024
4203.0548
4203.2072
4203.3596
4203.5120
4203.6644
4203.8168
4203.9692
4204.1216
4204.2740
4204.4264
4204.5788
4204.7312
4204.8836
4205.0360
4205.1884
4205.3408
4205.4932
4205.6456
4205.7980
4205.9504
4206.1028
4206.2552
4206.4076
4206.5600
4206.7124
4206.8648
4207.0172
4207.1696
4207.3220
4207.4744
4207.6268
4207.7792
4207.9316
4208.0840
4208.2364
4208.3888
4208.5412