2.639
2.654
2.6591
2.6604
2.6531
2.6443
2.6361
2.6341
2.651
2.6691
2.6707
2.6631
2.649
2.6378
2.6504
2.6738
2.6812
2.6756
2.6676
2.657
2.6458
2.6338
2.6245
2.6186
2.6127
2.6069
2.6008
2.595
2.5911
2.5912
2.5924
2.5961
2.6043
2.6242
2.6374
2.6322
2.6287
2.6319
2.6332
2.6263
2.6217
2.6281
2.6354
2.635
2.6312
2.6249
2.6177
2.6108
2.6032
2.5934
2.5855
2.5883
2.5971
2.5961
2.5866
2.5836
2.5875
2.592
2.5971
2.6029
2.609
2.6094
2.6002
2.594
2.5944
2.5976
2.6075
2.6119
2.6028
2.5991
2.6111
2.6282
2.6551
2.6727
2.6588
2.6366
2.6099
2.5882
2.5843
2.5856
2.5817
2.5762
2.5744
2.5761
2.5804
2.5866
2.5931
2.598
2.5962
2.5871
2.5724
2.5545
2.55
2.5639
2.5781
2.5925
2.6049
2.6142
2.6282
2.6518
2.6658
2.6572
2.6496
2.6446
2.6421
2.6443
2.6405
2.622
2.6078
2.608
2.6114
2.6195
2.626
2.6265
2.6274
2.6308
2.633
2.6289
2.6238
2.6204
2.6194
2.6241
2.6264
2.6179
2.6098
2.6132
2.6173
2.6105
2.6026
2.6053
2.6129
2.6207
2.6251
2.6196
2.6115
2.6121
2.6165
2.6162
2.6105
2.5977
2.5825
2.5767
2.5812
2.5967
2.6176
2.6258
2.6212
2.6096
2.5912
2.5713
2.5537
2.5511
2.5645
2.5795
2.5944
2.601
2.5971
2.5891
2.578
2.5731
2.5765
2.5796
2.5831
2.5912
2.6051
2.616
2.6198
2.6148
2.5958
2.5861
2.5917
2.5925
2.5844
2.5765
2.5687
2.565
2.5696
2.572
2.5695
2.5712
2.5826
2.5924
2.597
2.5972
2.5877
2.5789
2.5732
2.5688
2.5662
2.5592
2.5426
2.5335
2.5468
2.5658
2.5876
2.5988
2.5845
2.5714
2.579
2.5931
2.6082
2.6204
2.623
2.6211
2.6173
2.6111
2.6014
2.5956
2.6033
2.6194
2.6393
2.656
2.658
2.6516
2.6454
2.6416
2.6446
2.6523
2.6603
2.6661
2.6638
2.6535
2.6374
2.6182
2.6037
2.5957
2.5962
2.6017
2.5986
2.587
2.5749
2.5639
2.5615
2.5682
2.5764
2.586
2.595
2.6023
2.6081
2.612
2.6168
2.6231
2.6299
2.6361
2.6395
2.6382
2.635
2.6304
2.6323
2.6456
2.658
2.6676
2.6683
2.6509
2.6222
2.574
2.5617
2.6208
2.6589
2.6589
2.6576
2.6536
2.6476
2.6382
2.6293
2.6224
2.6224
2.6325
2.6362
2.6311
2.6285
2.6305
2.6397
2.6577
2.6676
2.6658
2.6593
2.6478
2.6417
2.6396
2.6249
2.5984
2.5851
2.5909
2.6125
2.6463
2.6633
2.659
2.6436
2.6206
2.6101
2.6152
2.6314
2.6544
2.6651
2.6646
2.6638
2.6617
2.6575
2.6499
2.6355
2.6191
2.6125
2.6142
2.6186
2.625
2.6301
2.6341
2.6376
2.6429
2.6543
2.6642
2.6612
2.6535
2.6524
2.6533
2.6507
2.6422
2.6254
2.6101
2.6089
2.614
2.621
2.6317
2.6495
2.6643
2.6669
2.6647
2.6626
2.6652
2.6767
2.6846
2.6785
2.6655
2.6465
2.6336
2.6351
2.6404
2.645
2.6413
2.6226
2.6079
2.6078
2.6117
2.6197
2.6307
2.6459
2.653
2.6451
2.6401
2.6436
2.6508
2.6614
2.6604
2.6373
2.5958
2.5287
2.509
2.5687
2.6014
2.5889
2.5828
2.5864
2.5805
2.5599
2.5512
2.5638
2.5805
2.6034
2.6164
2.613
2.6154
2.6274
2.6345
2.6334
2.6308
2.6246
2.6075
2.5733
2.5544
2.5601
2.5681
2.5794
2.5824
2.5738
2.5853
2.6264
2.6438
2.6228
2.6027
2.5846
2.5758
2.5823
2.5881
2.5923
2.5949
2.595
2.6013
2.6181
2.636